   0.25  0.194  2.27E-01 9.09E-01 5.22E+00 8.43E-02 2.09E-01 2.38E-01 1.89E-01 1.13E-01 5.36E-02 2.02E-02 6.17E-03 1.53E-03 3.09E-04 5.10E-05 6.90E-06 7.67E-07 7.00E-08 5.25E-09 3.24E-10 1.65E-11 6.90E-13 2.38E-14 6.79E-16 1.59E-17 3.08E-19 4.93E-21 6.50E-23 7.07E-25 6.36E-27 4.71E-29 1.00E-30 1.00E-30 1.00E-30
   0.50  0.275  4.95E-01 1.07E+00 6.16E+00 9.94E-02 2.47E-01 2.81E-01 2.22E-01 1.34E-01 6.32E-02 2.39E-02 7.28E-03 1.80E-03 3.64E-04 6.01E-05 8.14E-06 9.04E-07 8.25E-08 6.19E-09 3.82E-10 1.94E-11 8.14E-13 2.81E-14 8.00E-16 1.88E-17 3.64E-19 5.81E-21 7.66E-23 8.34E-25 7.49E-27 5.56E-29 1.00E-30 1.00E-30 1.00E-30
   0.75  0.336  8.11E-01 1.26E+00 7.26E+00 1.17E-01 2.91E-01 3.31E-01 2.62E-01 1.58E-01 7.45E-02 2.81E-02 8.58E-03 2.13E-03 4.29E-04 7.09E-05 9.59E-06 1.07E-06 9.72E-08 7.29E-09 4.50E-10 2.29E-11 9.59E-13 3.31E-14 9.43E-16 2.21E-17 4.29E-19 6.85E-21 9.03E-23 9.83E-25 8.83E-27 6.55E-29 1.00E-30 1.00E-30 1.00E-30
   1.00  0.388  1.18E+00 1.49E+00 8.56E+00 1.38E-01 3.43E-01 3.91E-01 3.09E-01 1.86E-01 8.78E-02 3.32E-02 1.01E-02 2.51E-03 5.06E-04 8.36E-05 1.13E-05 1.26E-06 1.15E-07 8.60E-09 5.31E-10 2.70E-11 1.13E-12 3.91E-14 1.11E-15 2.61E-17 5.05E-19 8.08E-21 1.06E-22 1.16E-24 1.04E-26 7.72E-29 1.00E-30 1.00E-30 1.00E-30
   1.25  0.434  1.62E+00 1.75E+00 1.01E+01 1.63E-01 4.04E-01 4.60E-01 3.64E-01 2.19E-01 1.03E-01 3.91E-02 1.19E-02 2.95E-03 5.97E-04 9.85E-05 1.33E-05 1.48E-06 1.35E-07 1.01E-08 6.26E-10 3.18E-11 1.33E-12 4.60E-14 1.31E-15 3.08E-17 5.96E-19 9.52E-21 1.26E-22 1.37E-24 1.23E-26 9.11E-29 1.00E-30 1.00E-30 1.00E-30
   1.50  0.476  2.14E+00 2.07E+00 1.19E+01 1.92E-01 4.76E-01 5.43E-01 4.30E-01 2.58E-01 1.22E-01 4.61E-02 1.41E-02 3.48E-03 7.03E-04 1.16E-04 1.57E-05 1.75E-06 1.59E-07 1.20E-08 7.38E-10 3.75E-11 1.57E-12 5.43E-14 1.54E-15 3.63E-17 7.02E-19 1.12E-20 1.48E-22 1.61E-24 1.45E-26 1.07E-28 1.00E-30 1.00E-30 1.00E-30
   1.75  0.514  2.75E+00 2.44E+00 1.40E+01 2.26E-01 5.61E-01 6.40E-01 5.06E-01 3.04E-01 1.44E-01 5.43E-02 1.66E-02 4.10E-03 8.29E-04 1.37E-04 1.85E-05 2.06E-06 1.88E-07 1.41E-08 8.70E-10 4.42E-11 1.85E-12 6.40E-14 1.82E-15 4.28E-17 8.28E-19 1.32E-20 1.74E-22 1.90E-24 1.71E-26 1.27E-28 1.00E-30 1.00E-30 1.00E-30
   2.00  0.549  3.47E+00 2.88E+00 1.65E+01 2.67E-01 6.62E-01 7.54E-01 5.97E-01 3.59E-01 1.70E-01 6.41E-02 1.95E-02 4.84E-03 9.77E-04 1.61E-04 2.18E-05 2.43E-06 2.21E-07 1.66E-08 1.03E-09 5.22E-11 2.18E-12 7.54E-14 2.15E-15 5.04E-17 9.76E-19 1.56E-20 2.06E-22 2.24E-24 2.01E-26 1.49E-28 1.00E-30 1.00E-30 1.00E-30
   2.25  0.583  4.31E+00 3.39E+00 1.95E+01 3.15E-01 7.80E-01 8.89E-01 7.04E-01 4.23E-01 2.00E-01 7.55E-02 2.30E-02 5.70E-03 1.15E-03 1.90E-04 2.58E-05 2.86E-06 2.61E-07 1.96E-08 1.21E-09 6.15E-11 2.58E-12 8.89E-14 2.53E-15 5.94E-17 1.15E-18 1.84E-20 2.42E-22 2.64E-24 2.37E-26 1.76E-28 1.08E-30 1.00E-30 1.00E-30
   2.50  0.614  5.31E+00 4.00E+00 2.30E+01 3.71E-01 9.20E-01 1.05E+00 8.30E-01 4.99E-01 2.36E-01 8.90E-02 2.71E-02 6.72E-03 1.36E-03 2.24E-04 3.04E-05 3.37E-06 3.08E-07 2.31E-08 1.43E-09 7.25E-11 3.04E-12 1.05E-13 2.98E-15 7.01E-17 1.36E-18 2.17E-20 2.86E-22 3.11E-24 2.79E-26 2.07E-28 1.27E-30 1.00E-30 1.00E-30
   2.75  0.644  6.49E+00 4.71E+00 2.71E+01 4.37E-01 1.08E+00 1.24E+00 9.78E-01 5.88E-01 2.78E-01 1.05E-01 3.20E-02 7.93E-03 1.60E-03 2.64E-04 3.58E-05 3.97E-06 3.63E-07 2.72E-08 1.68E-09 8.54E-11 3.58E-12 1.24E-13 3.52E-15 8.26E-17 1.60E-18 2.56E-20 3.37E-22 3.67E-24 3.29E-26 2.44E-28 1.50E-30 1.00E-30 1.00E-30
   3.00  0.673  7.88E+00 5.55E+00 3.19E+01 5.15E-01 1.28E+00 1.46E+00 1.15E+00 6.93E-01 3.27E-01 1.24E-01 3.77E-02 9.35E-03 1.89E-03 3.12E-04 4.22E-05 4.69E-06 4.28E-07 3.21E-08 1.98E-09 1.01E-10 4.22E-12 1.46E-13 4.15E-15 9.74E-17 1.89E-18 3.01E-20 3.97E-22 4.32E-24 3.88E-26 2.88E-28 1.76E-30 1.00E-30 1.00E-30
   3.25  0.700  9.52E+00 6.55E+00 3.76E+01 6.08E-01 1.51E+00 1.72E+00 1.36E+00 8.17E-01 3.86E-01 1.46E-01 4.45E-02 1.10E-02 2.23E-03 3.68E-04 4.97E-05 5.52E-06 5.04E-07 3.78E-08 2.34E-09 1.19E-10 4.97E-12 1.72E-13 4.89E-15 1.15E-16 2.22E-18 3.55E-20 4.68E-22 5.10E-24 4.58E-26 3.40E-28 2.08E-30 1.00E-30 1.00E-30
   3.50  0.727  1.14E+01 7.72E+00 4.44E+01 7.16E-01 1.78E+00 2.02E+00 1.60E+00 9.63E-01 4.55E-01 1.72E-01 5.24E-02 1.30E-02 2.62E-03 4.33E-04 5.86E-05 6.51E-06 5.94E-07 4.46E-08 2.75E-09 1.40E-10 5.86E-12 2.02E-13 5.76E-15 1.35E-16 2.62E-18 4.19E-20 5.52E-22 6.01E-24 5.40E-26 4.00E-28 2.45E-30 1.00E-30 1.00E-30
   3.75  0.752  1.37E+01 9.10E+00 5.23E+01 8.44E-01 2.09E+00 2.39E+00 1.89E+00 1.14E+00 5.37E-01 2.03E-01 6.18E-02 1.53E-02 3.09E-03 5.11E-04 6.91E-05 7.68E-06 7.00E-07 5.26E-08 3.25E-09 1.65E-10 6.91E-12 2.39E-13 6.79E-15 1.59E-16 3.09E-18 4.94E-20 6.51E-22 7.08E-24 6.36E-26 4.72E-28 2.89E-30 1.00E-30 1.00E-30
   4.00  0.777  1.64E+01 1.07E+01 6.21E+01 9.82E-01 2.44E+00 2.80E+00 2.23E+00 1.36E+00 6.49E-01 2.49E-01 7.74E-02 1.96E-02 4.05E-03 6.88E-04 9.59E-05 1.10E-05 1.04E-06 8.09E-08 5.20E-09 2.76E-10 1.21E-11 4.38E-13 1.31E-14 3.25E-16 6.65E-18 1.13E-19 1.58E-21 1.83E-23 1.76E-25 1.40E-27 9.22E-30 1.00E-30 1.00E-30
   4.25  0.801  1.96E+01 1.26E+01 7.44E+01 1.12E+00 2.81E+00 3.25E+00 2.64E+00 1.64E+00 8.09E-01 3.22E-01 1.04E-01 2.76E-02 6.01E-03 1.08E-03 1.60E-04 1.97E-05 2.00E-06 1.69E-07 1.19E-08 6.90E-10 3.33E-11 1.34E-12 4.48E-14 1.24E-15 2.87E-17 5.53E-19 8.85E-21 1.18E-22 1.31E-24 1.21E-26 9.28E-29 1.00E-30 1.00E-30
   4.50  0.824  2.33E+01 1.49E+01 8.90E+01 1.28E+00 3.23E+00 3.79E+00 3.12E+00 1.98E+00 1.00E+00 4.12E-01 1.39E-01 3.83E-02 8.77E-03 1.66E-03 2.62E-04 3.44E-05 3.75E-06 3.42E-07 2.60E-08 1.65E-09 8.74E-11 3.87E-12 1.43E-13 4.43E-15 1.15E-16 2.49E-18 4.51E-20 6.84E-22 8.68E-24 9.23E-26 8.21E-28 6.12E-30 1.00E-30
   4.75  0.846  2.77E+01 1.76E+01 1.06E+02 1.47E+00 3.72E+00 4.40E+00 3.69E+00 2.39E+00 1.24E+00 5.26E-01 1.83E-01 5.28E-02 1.26E-02 2.52E-03 4.20E-04 5.86E-05 6.84E-06 6.69E-07 5.49E-08 3.78E-09 2.18E-10 1.06E-11 4.32E-13 1.48E-14 4.27E-16 1.03E-17 2.11E-19 3.62E-21 5.22E-23 6.33E-25 6.46E-27 5.55E-29 1.00E-30
   5.00  0.868  3.29E+01 2.07E+01 1.27E+02 1.69E+00 4.29E+00 5.12E+00 4.35E+00 2.88E+00 1.53E+00 6.67E-01 2.40E-01 7.19E-02 1.80E-02 3.77E-03 6.62E-04 9.78E-05 1.21E-05 1.27E-06 1.12E-07 8.33E-09 5.23E-10 2.77E-11 1.24E-12 4.67E-14 1.49E-15 4.01E-17 9.12E-19 1.76E-20 2.86E-22 3.93E-24 4.57E-26 4.49E-28 3.73E-30
   5.50  0.911  4.73E+01 2.88E+01 1.82E+02 2.22E+00 5.70E+00 6.93E+00 6.05E+00 4.14E+00 2.30E+00 1.06E+00 4.05E-01 1.30E-01 3.53E-02 8.08E-03 1.56E-03 2.57E-04 3.58E-05 4.24E-06 4.27E-07 3.66E-08 2.67E-09 1.66E-10 8.76E-12 3.95E-13 1.52E-14 4.96E-16 1.38E-17 3.29E-19 6.69E-21 1.16E-22 1.71E-24 2.15E-26 2.32E-28
   6.00  0.951  6.73E+01 4.00E+01 2.59E+02 2.94E+00 7.58E+00 9.37E+00 8.38E+00 5.92E+00 3.43E+00 1.65E+00 6.69E-01 2.29E-01 6.67E-02 1.65E-02 3.49E-03 6.31E-04 9.76E-05 1.29E-05 1.47E-06 1.43E-07 1.19E-08 8.53E-10 5.25E-11 2.77E-12 1.26E-13 4.91E-15 1.65E-16 4.74E-18 1.17E-19 2.50E-21 4.58E-23 7.21E-25 9.76E-27
   6.50  0.990  9.51E+01 5.56E+01 3.69E+02 3.89E+00 1.01E+01 1.27E+01 1.16E+01 8.43E+00 5.06E+00 2.54E+00 1.08E+00 3.93E-01 1.22E-01 3.25E-02 7.44E-03 1.47E-03 2.49E-04 3.64E-05 4.60E-06 5.02E-07 4.74E-08 3.87E-09 2.73E-10 1.66E-11 8.78E-13 4.01E-14 1.59E-15 5.43E-17 1.61E-18 4.13E-20 9.19E-22 1.77E-23 2.95E-25
   7.00  1.028  1.34E+02 7.73E+01 5.26E+02 5.16E+00 1.35E+01 1.72E+01 1.60E+01 1.19E+01 7.40E+00 3.87E+00 1.73E+00 6.60E-01 2.17E-01 6.18E-02 1.52E-02 3.24E-03 5.98E-04 9.60E-05 1.34E-05 1.62E-06 1.71E-07 1.57E-08 1.25E-09 8.70E-11 5.27E-12 2.78E-13 1.28E-14 5.12E-16 1.79E-17 5.43E-19 1.44E-20 3.33E-22 6.72E-24
   7.50  1.064  1.87E+02 1.07E+02 7.47E+02 6.86E+00 1.81E+01 2.32E+01 2.20E+01 1.69E+01 1.08E+01 5.84E+00 2.71E+00 1.09E+00 3.78E-01 1.14E-01 2.99E-02 6.85E-03 1.37E-03 2.39E-04 3.64E-05 4.85E-06 5.66E-07 5.78E-08 5.17E-09 4.05E-10 2.78E-11 1.67E-12 8.80E-14 4.07E-15 1.65E-16 5.85E-18 1.82E-19 4.98E-21 1.19E-22
   8.00  1.099  2.62E+02 1.49E+02 1.06E+03 9.14E+00 2.42E+01 3.15E+01 3.03E+01 2.37E+01 1.56E+01 8.72E+00 4.21E+00 1.76E+00 6.44E-01 2.05E-01 5.72E-02 1.40E-02 3.00E-03 5.64E-04 9.33E-05 1.36E-05 1.74E-06 1.96E-07 1.94E-08 1.70E-09 1.31E-10 8.85E-12 5.29E-13 2.79E-14 1.29E-15 5.30E-17 1.91E-18 6.09E-20 1.71E-21
   8.50  1.132  3.66E+02 2.07E+02 1.50E+03 1.22E+01 3.25E+01 4.26E+01 4.17E+01 3.33E+01 2.24E+01 1.29E+01 6.47E+00 2.82E+00 1.08E+00 3.61E-01 1.06E-01 2.76E-02 6.31E-03 1.27E-03 2.27E-04 3.58E-05 5.00E-06 6.16E-07 6.72E-08 6.49E-09 5.55E-10 4.21E-11 2.82E-12 1.68E-13 8.82E-15 4.12E-16 1.70E-17 6.24E-19 2.03E-20
   9.00  1.165  5.10E+02 2.88E+02 2.13E+03 1.63E+01 4.36E+01 5.78E+01 5.73E+01 4.66E+01 3.21E+01 1.90E+01 9.84E+00 4.45E+00 1.77E+00 6.22E-01 1.93E-01 5.29E-02 1.29E-02 2.77E-03 5.30E-04 8.99E-05 1.36E-05 1.82E-06 2.17E-07 2.29E-08 2.16E-09 1.81E-10 1.35E-11 8.98E-13 5.31E-14 2.79E-15 1.31E-16 5.46E-18 2.03E-19
   9.50  1.197  7.10E+02 4.01E+02 3.02E+03 2.18E+01 5.86E+01 7.83E+01 7.87E+01 6.51E+01 4.58E+01 2.79E+01 1.49E+01 6.96E+00 2.88E+00 1.05E+00 3.42E-01 9.89E-02 2.54E-02 5.81E-03 1.19E-03 2.16E-04 3.50E-05 5.06E-06 6.54E-07 7.55E-08 7.79E-09 7.17E-10 5.91E-11 4.35E-12 2.86E-13 1.68E-14 8.84E-16 4.16E-17 1.75E-18
  10.00  1.228  9.89E+02 5.57E+02 4.28E+03 2.93E+01 7.89E+01 1.06E+02 1.08E+02 9.08E+01 6.51E+01 4.06E+01 2.23E+01 1.08E+01 4.61E+00 1.76E+00 5.97E-01 1.81E-01 4.89E-02 1.18E-02 2.56E-03 4.96E-04 8.61E-05 1.34E-05 1.87E-06 2.33E-07 2.61E-08 2.63E-09 2.37E-10 1.92E-11 1.40E-12 9.10E-14 5.33E-15 2.80E-16 1.32E-17
  11.00  1.288  2.06E+03 1.08E+03 8.55E+03 5.27E+01 1.43E+02 1.96E+02 2.03E+02 1.76E+02 1.31E+02 8.52E+01 4.90E+01 2.51E+01 1.15E+01 4.70E+00 1.73E+00 5.69E-01 1.69E-01 4.52E-02 1.09E-02 2.37E-03 4.64E-04 8.20E-05 1.31E-05 1.89E-06 2.46E-07 2.89E-08 3.08E-09 2.96E-10 2.57E-11 2.02E-12 1.43E-13 9.20E-15 5.34E-16
  12.00  1.345  4.14E+03 2.08E+03 1.71E+04 9.55E+01 2.61E+02 3.61E+02 3.83E+02 3.39E+02 2.60E+02 1.76E+02 1.06E+02 5.69E+01 2.75E+01 1.20E+01 4.72E+00 1.68E+00 5.41E-01 1.58E-01 4.18E-02 1.00E-02 2.18E-03 4.32E-04 7.78E-05 1.27E-05 1.89E-06 2.55E-07 3.13E-08 3.49E-09 3.55E-10 3.28E-11 2.76E-12 2.11E-13 1.47E-14
  13.00  1.400  8.15E+03 4.01E+03 3.40E+04 1.74E+02 4.78E+02 6.68E+02 7.19E+02 6.51E+02 5.14E+02 3.59E+02 2.24E+02 1.26E+02 6.42E+01 2.95E+01 1.23E+01 4.69E+00 1.62E+00 5.12E-01 1.47E-01 3.86E-02 9.23E-03 2.02E-03 4.03E-04 7.35E-05 1.23E-05 1.87E-06 2.60E-07 3.32E-08 3.87E-09 4.12E-10 4.02E-11 3.59E-12 2.93E-13
  14.00  1.453  1.59E+04 7.75E+03 6.75E+04 3.17E+02 8.76E+02 1.24E+03 1.35E+03 1.25E+03 1.01E+03 7.26E+02 4.70E+02 2.75E+02 1.46E+02 7.05E+01 3.11E+01 1.25E+01 4.62E+00 1.56E+00 4.83E-01 1.37E-01 3.56E-02 8.50E-03 1.86E-03 3.75E-04 6.92E-05 1.18E-05 1.83E-06 2.63E-07 3.46E-08 4.19E-09 4.67E-10 4.78E-11 4.50E-12
  15.00  1.504  3.09E+04 1.50E+04 1.34E+05 5.80E+02 1.61E+03 2.29E+03 2.54E+03 2.39E+03 1.97E+03 1.46E+03 9.72E+02 5.89E+02 3.25E+02 1.64E+02 7.60E+01 3.23E+01 1.26E+01 4.52E+00 1.49E+00 4.54E-01 1.27E-01 3.29E-02 7.83E-03 1.72E-03 3.48E-04 6.51E-05 1.12E-05 1.79E-06 2.63E-07 3.56E-08 4.47E-09 5.17E-10 5.52E-11
  16.00  1.554  5.98E+04 2.89E+04 2.66E+05 1.06E+03 2.97E+03 4.26E+03 4.77E+03 4.56E+03 3.84E+03 2.90E+03 1.99E+03 1.24E+03 7.12E+02 3.74E+02 1.81E+02 8.06E+01 3.31E+01 1.25E+01 4.40E+00 1.42E+00 4.27E-01 1.18E-01 3.03E-02 7.21E-03 1.59E-03 3.23E-04 6.11E-05 1.07E-05 1.73E-06 2.60E-07 3.63E-08 4.69E-09 5.62E-10
  17.00  1.601  1.16E+05 5.58E+04 5.25E+05 1.96E+03 5.48E+03 7.93E+03 8.97E+03 8.69E+03 7.45E+03 5.75E+03 4.04E+03 2.60E+03 1.53E+03 8.33E+02 4.18E+02 1.94E+02 8.34E+01 3.32E+01 1.22E+01 4.19E+00 1.33E+00 3.93E-01 1.08E-01 2.74E-02 6.47E-03 1.42E-03 2.91E-04 5.53E-05 9.77E-06 1.61E-06 2.46E-07 3.50E-08 4.63E-09
  18.00  1.648  2.22E+05 1.07E+05 1.02E+06 3.61E+03 1.01E+04 1.47E+04 1.68E+04 1.64E+04 1.42E+04 1.12E+04 7.99E+03 5.25E+03 3.17E+03 1.77E+03 9.15E+02 4.38E+02 1.95E+02 8.05E+01 3.09E+01 1.10E+01 3.66E+00 1.13E+00 3.26E-01 8.75E-02 2.19E-02 5.10E-03 1.11E-03 2.24E-04 4.23E-05 7.45E-06 1.22E-06 1.87E-07 2.68E-08
  19.00  1.693  4.22E+05 2.00E+05 1.95E+06 6.54E+03 1.84E+04 2.68E+04 3.08E+04 3.05E+04 2.68E+04 2.13E+04 1.55E+04 1.04E+04 6.40E+03 3.66E+03 1.94E+03 9.57E+02 4.39E+02 1.87E+02 7.45E+01 2.76E+01 9.55E+00 3.08E+00 9.29E-01 2.61E-01 6.87E-02 1.69E-02 3.87E-03 8.29E-04 1.66E-04 3.11E-05 5.44E-06 8.91E-07 1.36E-07
  20.00  1.737  7.92E+05 3.70E+05 3.68E+06 1.17E+04 3.30E+04 4.84E+04 5.59E+04 5.57E+04 4.95E+04 3.99E+04 2.95E+04 2.01E+04 1.26E+04 7.38E+03 4.01E+03 2.03E+03 9.55E+02 4.20E+02 1.73E+02 6.63E+01 2.38E+01 7.98E+00 2.50E+00 7.35E-01 2.02E-01 5.20E-02 1.25E-02 2.83E-03 5.99E-04 1.19E-04 2.20E-05 3.82E-06 6.23E-07
  22.50  1.842  4.85E+06 1.62E+06 1.67E+07 4.77E+04 1.35E+05 2.00E+05 2.34E+05 2.38E+05 2.16E+05 1.79E+05 1.37E+05 9.64E+04 6.33E+04 3.87E+04 2.21E+04 1.18E+04 5.92E+03 2.78E+03 1.22E+03 5.05E+02 1.96E+02 7.14E+01 2.45E+01 7.88E+00 2.39E+00 6.80E-01 1.82E-01 4.59E-02 1.09E-02 2.43E-03 5.11E-04 1.01E-04 1.88E-05
  25.00  1.942  2.14E+07 6.61E+06 7.04E+07 1.82E+05 5.16E+05 7.69E+05 9.12E+05 9.40E+05 8.71E+05 7.38E+05 5.78E+05 4.21E+05 2.86E+05 1.81E+05 1.08E+05 6.04E+04 3.17E+04 1.57E+04 7.31E+03 3.21E+03 1.33E+03 5.18E+02 1.90E+02 6.61E+01 2.17E+01 6.71E+00 1.96E+00 5.40E-01 1.41E-01 3.47E-02 8.06E-03 1.77E-03 3.68E-04
  30.00  2.127  4.73E+08 9.04E+07 1.02E+09 2.23E+06 6.36E+06 9.60E+06 1.16E+07 1.22E+07 1.16E+07 1.02E+07 8.34E+06 6.35E+06 4.55E+06 3.06E+06 1.94E+06 1.16E+06 6.60E+05 3.54E+05 1.80E+05 8.67E+04 3.96E+04 1.71E+04 7.04E+03 2.75E+03 1.02E+03 3.58E+02 1.19E+02 3.79E+01 1.14E+01 3.27E+00 8.89E-01 2.30E-01 5.65E-02
  40.00  2.456  9.51E+10 9.46E+09 1.16E+11 1.97E+08 5.67E+08 8.69E+08 1.07E+09 1.17E+09 1.16E+09 1.06E+09 9.15E+08 7.42E+08 5.69E+08 4.14E+08 2.86E+08 1.88E+08 1.18E+08 7.03E+07 4.01E+07 2.19E+07 1.14E+07 5.66E+06 2.69E+06 1.22E+06 5.33E+05 2.22E+05 8.84E+04 3.37E+04 1.23E+04 4.31E+03 1.44E+03 4.63E+02 1.42E+02
  50.00  2.746  5.77E+12 5.67E+11 7.40E+12 1.04E+10 3.01E+10 4.66E+10 5.84E+10 6.48E+10 6.59E+10 6.24E+10 5.56E+10 4.69E+10 3.76E+10 2.87E+10 2.10E+10 1.46E+10 9.78E+09 6.27E+09 3.85E+09 2.27E+09 1.29E+09 7.00E+08 3.66E+08 1.84E+08 8.88E+07 4.13E+07 1.84E+07 7.93E+06 3.28E+06 1.31E+06 5.00E+05 1.84E+05 6.55E+04
  60.00  3.009  2.34E+14 2.28E+13 3.13E+14 3.79E+11 1.10E+12 1.71E+12 2.17E+12 2.44E+12 2.53E+12 2.45E+12 2.23E+12 1.94E+12 1.61E+12 1.27E+12 9.64E+11 7.02E+11 4.92E+11 3.31E+11 2.14E+11 1.34E+11 8.05E+10 4.67E+10 2.61E+10 1.41E+10 7.33E+09 3.68E+09 1.79E+09 8.36E+08 3.78E+08 1.65E+08 6.95E+07 2.83E+07 1.11E+07
  70.00  3.250  7.03E+15 6.80E+14 9.73E+15 1.04E+13 3.02E+13 4.74E+13 6.05E+13 6.88E+13 7.21E+13 7.09E+13 6.60E+13 5.85E+13 4.96E+13 4.04E+13 3.16E+13 2.37E+13 1.72E+13 1.20E+13 8.11E+12 5.29E+12 3.33E+12 2.03E+12 1.19E+12 6.79E+11 3.74E+11 1.99E+11 1.03E+11 5.13E+10 2.48E+10 1.16E+10 5.26E+09 2.31E+09 9.83E+08
  80.00  3.474  1.67E+17 1.60E+16 2.37E+17 2.27E+14 6.63E+14 1.04E+15 1.34E+15 1.54E+15 1.63E+15 1.62E+15 1.53E+15 1.38E+15 1.20E+15 9.93E+14 7.95E+14 6.13E+14 4.57E+14 3.29E+14 2.29E+14 1.55E+14 1.01E+14 6.38E+13 3.91E+13 2.32E+13 1.34E+13 7.47E+12 4.05E+12 2.13E+12 1.08E+12 5.36E+11 2.58E+11 1.20E+11 5.43E+10
  90.00  3.685  3.27E+18 3.10E+17 4.74E+18 4.14E+15 1.21E+16 1.91E+16 2.47E+16 2.85E+16 3.05E+16 3.06E+16 2.93E+16 2.68E+16 2.35E+16 1.99E+16 1.62E+16 1.28E+16 9.75E+15 7.19E+15 5.14E+15 3.57E+15 2.40E+15 1.56E+15 9.91E+14 6.09E+14 3.64E+14 2.11E+14 1.19E+14 6.52E+13 3.47E+13 1.80E+13 9.05E+12 4.43E+12 2.11E+12
 100.00  3.884  5.44E+19 5.12E+18 8.05E+19 6.46E+16 1.89E+17 2.99E+17 3.89E+17 4.51E+17 4.86E+17 4.93E+17 4.77E+17 4.41E+17 3.92E+17 3.37E+17 2.79E+17 2.24E+17 1.74E+17 1.31E+17 9.56E+16 6.79E+16 4.68E+16 3.13E+16 2.04E+16 1.29E+16 7.96E+15 4.77E+15 2.78E+15 1.58E+15 8.71E+14 4.68E+14 2.45E+14 1.25E+14 6.19E+13
 110.00  4.074  7.91E+20 7.36E+19 1.19E+21 8.85E+17 2.59E+18 4.12E+18 5.36E+18 6.26E+18 6.78E+18 6.94E+18 6.76E+18 6.32E+18 5.68E+18 4.94E+18 4.15E+18 3.37E+18 2.66E+18 2.04E+18 1.52E+18 1.10E+18 7.75E+17 5.31E+17 3.54E+17 2.30E+17 1.45E+17 8.94E+16 5.36E+16 3.13E+16 1.79E+16 9.91E+15 5.36E+15 2.83E+15 1.46E+15
 120.00  4.255  1.02E+22 9.42E+20 1.56E+22 1.08E+19 3.17E+19 5.05E+19 6.60E+19 7.73E+19 8.42E+19 8.67E+19 8.51E+19 8.03E+19 7.29E+19 6.40E+19 5.44E+19 4.49E+19 3.59E+19 2.79E+19 2.11E+19 1.56E+19 1.12E+19 7.79E+18 5.30E+18 3.52E+18 2.27E+18 1.43E+18 8.82E+17 5.29E+17 3.09E+17 1.77E+17 9.85E+16 5.35E+16 2.84E+16
 130.00  4.428  1.19E+23 1.09E+22 1.83E+23 1.20E+20 3.51E+20 5.60E+20 7.34E+20 8.64E+20 9.45E+20 9.78E+20 9.67E+20 9.19E+20 8.42E+20 7.46E+20 6.41E+20 5.34E+20 4.33E+20 3.41E+20 2.62E+20 1.96E+20 1.43E+20 1.01E+20 7.02E+19 4.74E+19 3.13E+19 2.01E+19 1.27E+19 7.76E+18 4.65E+18 2.72E+18 1.56E+18 8.69E+17 4.74E+17
 140.00  4.596  1.26E+24 1.14E+23 1.97E+24 1.21E+21 3.56E+21 5.69E+21 7.47E+21 8.82E+21 9.69E+21 1.01E+22 1.00E+22 9.59E+21 8.85E+21 7.91E+21 6.86E+21 5.77E+21 4.73E+21 3.77E+21 2.93E+21 2.22E+21 1.64E+21 1.18E+21 8.33E+20 5.73E+20 3.84E+20 2.52E+20 1.61E+20 1.01E+20 6.18E+19 3.70E+19 2.16E+19 1.24E+19 6.90E+18
 150.00  4.757  1.23E+25 1.11E+24 1.94E+25 1.13E+22 3.33E+22 5.33E+22 7.02E+22 8.31E+22 9.17E+22 9.58E+22 9.58E+22 9.21E+22 8.56E+22 7.71E+22 6.74E+22 5.73E+22 4.74E+22 3.82E+22 3.00E+22 2.30E+22 1.72E+22 1.26E+22 8.99E+21 6.27E+21 4.27E+21 2.85E+21 1.86E+21 1.18E+21 7.38E+20 4.50E+20 2.68E+20 1.57E+20 8.94E+19
 160.00  4.913  1.12E+26 9.98E+24 1.78E+26 9.88E+22 2.90E+23 4.65E+23 6.14E+23 7.29E+23 8.07E+23 8.47E+23 8.50E+23 8.22E+23 7.69E+23 6.97E+23 6.14E+23 5.26E+23 4.39E+23 3.57E+23 2.83E+23 2.20E+23 1.66E+23 1.23E+23 8.90E+22 6.29E+22 4.35E+22 2.94E+22 1.95E+22 1.26E+22 8.00E+21 4.96E+21 3.01E+21 1.79E+21 1.04E+21
 170.00  5.064  9.53E+26 8.41E+25 1.52E+27 8.06E+23 2.37E+24 3.81E+24 5.03E+24 5.99E+24 6.65E+24 7.00E+24 7.06E+24 6.86E+24 6.45E+24 5.88E+24 5.22E+24 4.50E+24 3.79E+24 3.11E+24 2.49E+24 1.95E+24 1.49E+24 1.11E+24 8.16E+23 5.84E+23 4.09E+23 2.80E+23 1.88E+23 1.24E+23 7.96E+22 5.02E+22 3.10E+22 1.88E+22 1.11E+22
 180.00  5.211  7.62E+27 6.66E+26 1.22E+28 6.20E+24 1.83E+25 2.93E+25 3.88E+25 4.63E+25 5.16E+25 5.45E+25 5.52E+25 5.39E+25 5.09E+25 4.67E+25 4.16E+25 3.62E+25 3.06E+25 2.53E+25 2.05E+25 1.62E+25 1.25E+25 9.44E+24 6.98E+24 5.05E+24 3.58E+24 2.48E+24 1.69E+24 1.13E+24 7.35E+23 4.70E+23 2.95E+23 1.81E+23 1.09E+23
 190.00  5.354  5.75E+28 4.99E+27 9.29E+28 4.52E+25 1.33E+26 2.14E+26 2.84E+26 3.39E+26 3.79E+26 4.01E+26 4.08E+26 4.00E+26 3.79E+26 3.50E+26 3.14E+26 2.74E+26 2.34E+26 1.95E+26 1.59E+26 1.26E+26 9.84E+25 7.50E+25 5.60E+25 4.10E+25 2.94E+25 2.06E+25 1.42E+25 9.56E+24 6.32E+24 4.10E+24 2.61E+24 1.62E+24 9.93E+23
 200.00  5.493  4.13E+29 3.55E+28 6.69E+29 3.13E+26 9.23E+26 1.48E+27 1.97E+27 2.36E+27 2.64E+27 2.81E+27 2.86E+27 2.82E+27 2.68E+27 2.49E+27 2.24E+27 1.97E+27 1.69E+27 1.42E+27 1.16E+27 9.33E+26 7.33E+26 5.64E+26 4.25E+26 3.13E+26 2.27E+26 1.61E+26 1.12E+26 7.63E+25 5.11E+25 3.35E+25 2.16E+25 1.36E+25 8.45E+24

