0.010    0|0|0|0|0|0|0|0|0|0| 0|0|0|0|0|0|0|0|0|0|
0.029    0|0|0|0|0|0|0|1|0|0| 0|0|0|1|0|0|0|0|0|0|
0.049    0|0|0|0|0|0|0|0|0|0| 0|0|0|0|0|0|0|0|0|0|
0.068    0|0|0|0|0|0|0|0|0|0| 0|0|0|0|0|0|0|0|0|0|
0.088    0|0|0|0|0|0|0|0|0|0| 0|0|0|0|0|0|0|0|0|0|
0.107    0|0|0|0|0|0|0|0|0|0| 0|0|0|0|0|0|0|0|0|0|
0.127    0|0|0|0|0|0|0|0|0|0| 0|0|0|0|0|0|0|0|0|0|
0.147    0|0|0|0|0|0|0|0|0|0| 0|0|0|0|0|0|0|0|0|0|
0.166    0|0|0|0|0|0|0|0|0|0| 0|0|0|1|0|0|0|0|0|0|
0.186    0|0|0|0|0|0|0|0|0|0| 0|1|1|0|0|0|0|0|0|0|
0.205    0|0|0|0|0|0|1|0|1|0| 0|0|0|0|0|0|0|1|0|0|
0.225    0|0|0|0|0|0|0|0|0|0| 0|0|0|0|0|0|0|0|0|0|
0.244    0|0|0|0|0|2|0|0|0|0| 0|0|0|0|1|0|0|1|0|0|
0.264    0|0|0|0|0|1|0|0|0|0| 0|0|0|0|0|0|0|0|0|0|
0.283    0|0|0|0|0|0|0|0|0|0| 0|0|0|0|0|0|0|0|0|0|
0.303    1|0|0|0|0|0|0|0|1|0| 0|0|0|0|0|0|0|0|0|0|
0.322    0|0|0|0|0|0|0|0|0|0| 0|0|0|0|0|0|0|0|0|0|
0.342    0|0|0|0|0|0|0|0|0|0| 0|0|0|1|0|0|0|0|0|0|
0.362    0|0|0|1|0|0|0|0|0|0| 0|0|0|0|0|0|0|0|1|0|
0.381    0|0|0|0|0|0|0|0|0|0| 0|1|0|0|0|1|0|0|0|0|
0.401    0|0|0|0|0|0|0|0|0|0| 0|0|0|0|0|0|0|0|0|0|
0.420    0|0|0|0|0|0|0|0|0|0| 0|0|0|0|1|0|0|0|1|0|
0.440    0|0|1|0|0|0|1|0|0|0| 0|0|0|0|0|0|0|0|0|0|
0.459    0|0|0|0|0|0|0|0|0|0| 0|0|0|0|0|0|0|0|0|0|
0.479    0|0|0|0|0|0|1|0|0|0| 0|0|0|0|0|0|0|0|0|0|
0.498    0|0|0|0|0|0|1|0|0|0| 0|0|0|1|0|0|0|0|0|0|
0.518    0|1|0|0|0|0|0|0|0|0| 0|0|0|0|0|0|0|0|1|0|
0.537    0|1|0|0|0|0|0|0|0|0| 0|0|0|0|0|0|0|0|0|0|
0.557    0|0|0|0|0|0|0|0|0|0| 0|1|0|0|0|0|1|0|0|0|
0.577    0|0|0|0|1|0|0|0|0|0| 0|2|0|0|0|0|0|0|0|0|
0.596    0|1|0|0|1|0|0|0|0|0| 0|0|0|1|1|0|0|0|0|0|
0.616    0|0|0|0|0|0|0|0|0|0| 0|1|0|0|0|1|0|1|1|0|
0.635    1|0|0|0|0|0|0|1|0|0| 0|0|0|1|0|0|0|0|0|0|
0.655    0|0|0|0|0|0|0|0|0|1| 0|0|0|0|0|0|1|1|0|0|
0.674    0|0|0|0|0|0|0|0|0|0| 0|0|0|1|0|0|0|0|0|0|
0.694    0|0|0|0|0|0|0|0|0|0| 0|0|0|0|0|0|0|1|0|0|
0.713    0|0|1|0|1|0|0|0|0|0| 0|0|0|0|0|1|0|1|0|0|
0.733    1|0|0|0|0|2|0|0|0|0| 0|0|0|0|1|0|0|0|0|0|
0.752    0|0|2|0|0|0|1|1|0|0| 0|0|0|0|0|0|0|0|0|0|
0.772    0|0|0|1|0|0|0|0|0|0| 0|0|0|0|0|0|0|0|0|0|
0.792    0|0|0|0|0|0|0|0|0|0| 0|0|2|0|2|0|0|0|0|0|
0.811    0|0|0|0|0|0|0|0|0|0| 0|0|0|0|0|0|1|0|0|0|
0.831    0|0|0|0|0|1|1|1|0|0| 0|0|0|0|1|0|0|0|0|1|
0.850    1|0|0|0|0|0|0|0|0|0| 0|0|0|0|0|1|0|0|0|0|
0.870    0|0|0|0|0|0|0|0|0|0| 0|0|0|2|0|0|0|0|0|0|
0.889    0|0|1|0|0|0|0|0|0|0| 0|0|1|0|1|0|0|0|0|0|
0.909    0|0|0|0|0|0|0|0|0|0| 0|0|0|0|0|0|0|0|0|0|
0.928    1|1|0|0|0|0|1|1|0|0| 0|0|0|0|0|0|0|0|0|0|
0.948    0|0|0|0|0|0|0|0|0|0| 0|0|0|0|0|0|1|1|0|0|
0.967    0|0|0|0|0|0|0|0|0|0| 0|0|0|0|0|0|0|1|0|0|
0.987    0|1|0|0|1|0|0|0|0|0| 0|0|0|0|0|1|0|0|0|0|
1.006    0|0|2|0|0|0|0|0|0|0| 0|0|0|0|0|0|1|0|1|1|
1.026    0|0|0|1|0|0|0|0|0|0| 0|0|1|0|0|0|2|0|1|1|
1.046    0|1|0|0|0|1|0|0|0|0| 0|0|0|1|1|1|0|0|1|0|
1.065    0|0|1|0|0|0|1|0|0|0| 0|0|0|1|0|0|0|0|1|0|
1.085    0|0|0|1|0|0|0|0|0|0| 0|0|0|1|1|0|0|0|1|0|
1.104    0|0|0|0|1|1|0|1|0|0| 0|0|0|0|0|0|1|1|0|0|
1.124    0|1|0|1|1|0|0|1|0|0| 0|0|1|0|1|0|0|1|0|0|
1.143    0|1|1|0|0|2|0|0|1|0| 0|1|0|3|0|1|1|0|1|1|
1.163    1|0|0|0|1|2|0|0|0|0| 0|0|0|0|0|0|0|0|0|1|
1.182    1|0|0|1|0|0|1|1|0|0| 0|1|0|0|0|0|0|0|1|0|
1.202    0|0|0|0|1|0|1|0|0|1| 0|1|0|0|0|0|0|0|1|0|
1.221    0|1|0|0|0|1|1|1|0|0| 0|1|0|1|0|1|1|1|0|0|
1.241    0|0|0|0|0|0|0|1|0|0| 0|0|1|0|0|0|0|1|0|0|
1.261    0|0|0|2|1|0|0|0|0|0| 0|0|1|0|1|0|0|0|1|0|
1.280    0|0|0|1|0|1|0|0|2|0| 0|3|0|0|1|1|1|0|1|0|
1.300    0|0|0|1|1|0|0|1|0|0| 0|1|1|0|0|0|1|0|0|0|
1.319    0|1|0|0|0|0|0|0|0|1| 0|0|1|1|0|1|0|0|0|0|
1.339    1|0|0|0|1|0|0|0|0|0| 1|0|0|0|0|0|3|1|1|1|
1.358    0|1|1|1|0|0|2|1|0|0| 0|0|0|1|2|0|1|0|1|1|
1.378    0|1|2|2|1|0|1|0|0|1| 0|0|0|1|1|2|1|0|0|0|
1.397    1|0|0|1|0|1|0|0|0|0| 0|0|0|2|0|2|2|1|1|2|
1.417    0|0|2|1|0|1|1|0|0|0| 0|0|2|0|2|3|1|2|1|0|
1.436    0|1|0|0|0|0|0|1|0|1| 1|0|1|2|0|0|1|0|0|0|
1.456    0|0|1|1|1|0|1|0|0|0| 1|2|1|1|0|1|2|2|2|0|
1.476    0|1|0|0|0|0|0|0|0|0| 0|0|0|0|1|2|0|1|0|0|
1.495    1|0|0|1|1|0|0|0|2|0| 0|0|1|0|0|2|1|0|1|0|
1.515    1|0|0|0|1|0|0|2|0|0| 0|0|0|1|1|1|1|0|1|0|
1.534    0|0|0|0|1|0|3|0|1|0| 1|0|2|0|1|0|0|1|2|2|
1.554    0|0|1|0|2|1|2|2|1|0| 0|1|0|0|1|0|0|4|0|1|
1.573    1|0|0|1|2|1|0|0|0|0| 0|0|1|1|1|5|1|1|2|1|
1.593    1|1|2|0|0|1|0|0|0|0| 0|1|1|0|1|2|1|0|0|1|
1.612    2|0|2|2|0|1|2|1|0|0| 0|1|0|1|1|2|1|0|2|1|
1.632    0|0|2|1|0|2|1|3|3|1| 0|0|2|1|2|1|2|2|0|1|
1.651    1|3|1|2|2|1|1|0|0|1| 0|0|2|1|2|1|0|0|0|0|
1.671    1|2|1|1|0|0|0|1|0|0| 0|2|0|0|0|0|1|0|2|0|
1.691    1|1|2|0|0|0|1|0|0|0| 0|3|0|1|0|0|1|0|0|2|
1.710    0|0|0|2|2|3|1|0|0|0| 0|1|0|0|2|1|3|1|2|2|
1.730    0|1|0|0|1|2|1|0|0|0| 0|0|2|0|1|1|1|2|1|0|
1.749    1|0|2|1|1|2|1|0|1|0| 1|0|1|1|2|2|0|0|0|0|
1.769    0|1|3|2|0|1|4|4|0|0| 1|0|0|2|1|1|0|0|1|0|
1.788    0|2|0|1|0|1|3|1|0|0| 0|0|0|0|3|1|1|0|0|0|
1.808    0|0|3|0|2|0|0|1|1|0| 0|0|0|0|0|2|1|1|0|0|
1.827    0|0|1|0|3|2|1|1|0|0| 2|0|1|1|2|2|0|1|2|1|
1.847    1|3|0|2|0|1|2|1|0|0| 0|1|1|2|2|1|2|0|1|0|
1.866    2|1|1|3|1|1|3|1|1|0| 0|1|0|1|0|1|1|4|0|0|
1.886    1|1|4|2|1|1|2|0|1|0| 0|1|2|1|2|1|1|0|2|2|
1.905    1|1|4|1|1|3|2|1|2|1| 1|0|0|1|2|2|2|2|2|0|
1.925    3|0|1|3|3|2|2|0|1|1| 2|2|1|2|3|3|3|0|1|1|
1.945    2|3|1|1|1|2|3|0|2|2| 1|0|1|1|1|3|2|0|0|2|
1.964    0|0|3|2|2|1|0|1|1|0| 0|0|2|1|0|2|1|2|3|0|
1.984    1|1|4|6|3|4|2|2|0|1| 1|0|1|1|0|2|4|1|1|1|
2.003    1|1|1|4|2|0|1|2|0|0| 0|1|2|1|2|1|5|1|3|0|
2.023    1|1|0|2|2|2|2|1|0|0| 0|3|3|3|2|1|1|1|2|1|
2.042    4|5|2|2|2|5|2|2|2|2| 0|0|0|3|1|1|3|3|0|0|
2.062    1|0|2|3|1|1|2|3|1|0| 1|1|1|4|1|1|4|0|2|1|
2.081    1|2|3|3|3|2|4|1|0|1| 1|0|3|3|6|5|4|5|1|4|
2.101    3|2|3|2|4|3|4|0|2|0| 0|2|1|2|4|2|2|1|2|1|
2.120    3|4|2|1|0|4|1|3|0|1| 0|1|3|2|3|1|1|5|2|1|
2.140    0|2|2|3|1|6|3|2|2|0| 0|0|4|3|4|3|4|0|3|1|
2.160    0|0|0|5|4|5|2|3|0|2| 1|0|1|7|3|0|5|1|4|0|
2.179    1|1|0|1|3|9|0|2|1|1| 0|0|3|2|2|5|3|1|2|1|
2.199    1|1|4|2|3|3|3|1|1|0| 0|1|2|0|4|6|3|0|4|5|
2.218    0|1|2|3|2|7|7|2|0|0| 0|1|1|3|3|2|2|1|6|2|
2.238    3|1|3|5|3|1|5|4|0|1| 0|0|3|1|4|5|3|4|2|2|
2.257    3|0|4|6|3|5|2|1|0|0| 0|3|3|1|0|2|3|2|3|1|
2.277    1|2|3|7|7|3|2|2|0|0| 1|2|3|3|3|4|0|3|2|4|
2.296    1|1|5|1|2|1|1|6|1|0| 0|2|3|6|5|5|6|7|3|3|
2.316    2|0|3|4|8|3|2|1|2|0| 0|3|3|3|2|4|3|9|2|3|
2.335    1|3|3|7|3|4|5|4|3|0| 1|0|5|4|6|3|4|3|5|9|
2.355    4|2|4|3|2|2|6|5|0|1| 0|1|7|6|1|3|5|5|6|2|
2.375    3|1|3|7|3|5|4|1|2|1| 1|3|7|1|0|6|4|3|4|1|
2.394    2|4|9|5|2|5|4|4|3|2| 1|0|3|5|4|11|4|5|2|1|
2.414    2|5|6|1|3|2|6|3|4|0| 0|3|3|2|9|2|5|4|5|1|
2.433    4|1|5|6|12|5|4|4|1|1| 2|1|5|3|3|4|2|3|1|3|
2.453    4|2|6|6|7|5|4|1|4|0| 2|0|7|10|5|8|3|6|6|4|
2.472    1|8|2|6|10|9|4|9|4|3| 1|2|5|4|6|6|5|5|2|7|
2.492    10|3|3|6|6|7|4|7|4|2| 0|4|3|6|6|5|4|6|3|2|
2.511    5|10|6|5|7|5|5|4|0|1| 3|2|1|3|4|5|8|3|3|2|
2.531    8|5|2|8|4|11|5|5|4|4| 0|2|1|4|6|6|9|12|4|3|
2.550    3|5|6|5|5|3|4|7|3|1| 2|3|4|9|6|8|3|8|4|2|
2.570    5|6|7|6|3|4|8|2|1|1| 0|3|7|6|6|3|4|6|3|2|
2.590    7|3|6|11|9|5|5|2|2|4| 2|4|4|7|5|7|2|3|2|2|
2.609    6|8|6|8|7|6|3|5|4|1| 0|2|5|4|13|7|8|7|1|5|
2.629    6|5|6|10|12|5|4|5|2|1| 2|2|7|4|5|9|7|9|3|4|
2.648    5|3|7|5|11|5|4|4|6|3| 1|0|8|7|5|10|5|6|5|3|
2.668    7|9|6|8|9|12|10|4|4|1| 3|7|4|3|11|10|11|10|4|7|
2.687    4|6|9|5|7|7|7|7|3|2| 1|2|8|11|7|4|11|8|5|6|
2.707    3|5|8|10|8|8|5|6|0|1| 1|1|6|10|13|16|11|8|12|8|
2.726    10|9|14|8|8|8|11|4|7|3| 4|4|7|9|5|13|11|7|3|5|
2.746    6|7|10|16|8|12|10|7|8|3| 2|1|10|6|9|8|12|11|6|6|
2.765    7|13|9|19|16|9|9|5|2|0| 1|6|2|7|9|11|10|3|7|10|
2.785    4|10|10|9|8|20|11|8|5|2| 2|3|8|16|5|9|6|13|8|3|
2.804    7|8|10|9|4|6|11|10|7|1| 1|7|8|8|10|9|6|9|13|8|
2.824    11|8|6|9|12|15|14|6|5|1| 1|1|10|11|9|4|10|8|12|11|
2.844    8|8|6|12|8|9|18|5|9|5| 2|2|6|13|8|15|9|11|11|9|
2.863    12|5|11|6|20|13|16|13|4|1| 2|7|6|12|16|15|13|9|12|3|
2.883    6|11|13|12|19|17|11|10|10|1| 2|5|7|18|15|13|14|10|10|8|
2.902    7|12|10|17|13|9|11|7|5|4| 4|4|11|7|10|13|14|11|11|10|
2.922    9|6|7|10|12|13|11|11|8|4| 2|7|7|15|8|17|12|16|10|12|
2.941    15|10|11|12|21|11|16|16|2|2| 3|7|13|14|15|19|16|14|8|16|
2.961    10|7|16|21|12|14|15|9|8|0| 1|7|8|13|15|18|16|15|12|8|
2.980    12|22|10|12|17|11|10|11|5|3| 2|3|8|12|13|12|19|11|10|9|
3.000    9|16|14|16|23|13|9|9|5|5| 2|8|10|15|15|21|21|8|17|7|
3.019    10|15|15|18|14|17|11|6|10|3| 2|7|13|12|16|24|15|11|13|3|
3.039    7|13|21|19|18|17|9|10|11|2| 2|10|10|19|18|17|19|15|14|19|
3.059    12|16|22|12|22|29|15|14|7|3| 9|6|19|18|12|18|14|19|15|16|
3.078    10|23|11|19|19|17|18|6|8|5| 0|9|10|15|20|13|16|18|12|16|
3.098    11|16|15|15|20|18|12|12|4|1| 3|5|9|14|22|16|17|23|6|12|
3.117    17|19|18|14|21|25|15|16|12|3| 0|6|16|18|16|20|34|25|14|17|
3.137    20|21|27|18|32|22|21|16|8|5| 4|7|15|22|30|27|24|18|14|21|
3.156    19|16|17|22|18|27|13|16|12|6| 1|12|13|20|21|18|19|27|17|16|
3.176    17|15|15|19|26|22|17|16|10|4| 4|11|14|17|25|14|27|20|19|20|
3.195    11|19|21|20|25|23|25|20|10|7| 3|10|15|11|19|22|19|26|13|18|
3.215    15|14|24|24|21|21|17|22|7|4| 3|13|20|20|28|15|21|28|22|15|
3.234    18|23|25|28|28|19|12|18|12|3| 5|10|18|17|31|26|26|18|15|19|
3.254    26|23|19|35|25|29|27|17|12|2| 5|13|11|19|30|21|27|24|24|22|
3.274    14|22|20|28|35|23|29|17|17|7| 7|9|11|17|25|28|28|21|22|22|
3.293    12|23|29|25|31|28|29|28|9|2| 4|13|20|43|27|36|38|36|25|20|
3.313    21|28|30|32|33|21|30|24|12|2| 4|15|20|22|35|32|29|32|25|15|
3.332    24|29|34|34|40|31|30|19|9|6| 5|15|20|26|34|35|29|26|28|23|
3.352    23|19|34|30|37|38|33|21|9|1| 3|9|32|21|37|38|32|36|22|22|
3.371    18|25|38|38|36|38|27|19|13|1| 5|12|27|28|28|45|35|31|26|28|
3.391    30|38|33|29|31|38|38|31|17|6| 4|21|22|36|38|26|31|22|32|14|
3.410    24|21|44|24|41|37|23|28|19|8| 3|19|26|37|39|31|32|36|28|17|
3.430    27|29|31|52|35|31|39|22|14|11| 5|10|31|35|35|40|36|31|35|31|
3.449    38|30|41|37|33|41|27|22|9|2| 7|12|24|40|35|43|48|33|42|17|
3.469    26|29|37|36|40|38|26|23|18|7| 9|13|18|36|40|42|42|39|39|28|
3.489    26|32|52|42|32|52|37|29|25|7| 10|20|21|41|38|40|47|51|36|29|
3.508    39|36|29|57|46|44|32|31|25|4| 6|21|26|31|39|52|47|44|32|23|
3.528    22|33|44|49|55|52|39|30|20|9| 7|25|35|45|47|60|39|40|33|39|
3.547    40|39|47|35|47|36|40|31|20|4| 13|17|29|38|44|60|55|36|49|47|
3.567    30|46|44|49|51|58|40|39|22|4| 5|19|40|45|44|56|36|47|45|39|
3.586    44|50|45|41|57|61|40|33|26|8| 8|23|36|53|59|58|70|56|36|37|
3.606    34|39|57|57|68|55|42|35|22|9| 8|24|44|40|50|57|61|49|48|42|
3.625    42|56|63|53|63|65|45|36|33|10| 7|20|40|39|59|51|61|47|47|41|
3.645    35|48|49|62|72|51|47|35|24|8| 8|35|45|53|64|63|54|61|49|38|
3.664    49|56|64|63|69|53|56|37|24|8| 7|26|52|56|47|61|62|59|58|44|
3.684    37|51|62|75|58|61|59|32|21|11| 2|21|27|51|46|55|67|55|50|35|
3.703    49|76|50|68|80|72|59|36|39|12| 9|25|50|49|56|54|44|48|41|51|
3.723    37|65|70|75|63|49|55|58|26|7| 8|26|49|52|69|71|70|60|54|50|
3.743    59|51|64|62|66|66|50|50|32|10| 10|22|36|70|76|45|87|80|64|60|
3.762    60|63|69|71|74|72|59|47|23|5| 8|35|40|56|75|75|69|72|69|53|
3.782    51|59|80|74|87|75|49|48|35|13| 13|28|49|68|63|73|70|63|63|53|
3.801    47|79|78|78|92|68|68|60|28|10| 7|39|42|63|80|96|73|65|71|66|
3.821    40|76|78|95|89|82|67|55|39|13| 13|34|62|69|76|78|68|65|75|50|
3.840    79|74|72|78|101|79|74|63|32|19| 11|23|71|71|100|97|96|86|74|66|
3.860    60|78|94|76|80|85|77|47|32|13| 7|32|55|66|85|95|95|74|77|51|
3.879    68|83|79|86|95|74|74|67|40|12| 12|40|61|82|93|109|101|104|69|65|
3.899    70|80|99|103|100|81|93|81|43|15| 8|45|68|62|99|94|85|94|84|73|
3.918    73|99|91|94|88|101|86|61|35|13| 10|64|73|73|88|99|108|95|72|52|
3.938    71|93|103|110|106|102|94|78|38|16| 19|48|68|89|95|100|114|97|105|71|
3.958    78|88|97|91|102|111|102|73|48|17| 15|46|82|90|114|123|120|99|110|88|
3.977    102|119|98|119|126|100|113|86|44|19| 21|54|74|93|101|115|133|105|87|78|
3.997    85|95|120|113|118|122|96|81|47|15| 19|39|77|96|115|115|115|113|93|84|
4.016    82|114|129|121|133|129|99|71|43|24| 13|42|92|91|112|142|118|110|119|92|
4.036    96|113|127|150|119|116|102|88|42|12| 17|50|85|109|124|127|135|128|104|104|
4.055    98|124|113|116|155|129|111|82|51|17| 12|64|108|86|137|127|130|126|113|97|
4.075    119|118|130|161|136|129|111|109|56|19| 15|48|82|104|134|154|146|116|130|96|
4.094    119|112|138|155|160|135|132|112|68|16| 17|61|75|104|151|146|182|139|105|123|
4.114    110|114|144|164|123|164|117|80|63|22| 30|65|120|130|125|142|186|169|118|113|
4.133    101|124|144|176|176|137|129|80|59|26| 27|68|98|143|152|161|165|153|147|111|
4.153    130|126|162|161|167|164|133|112|71|20| 31|51|114|146|165|175|148|152|137|133|
4.173    112|129|130|188|155|147|125|102|46|17| 20|79|99|134|151|168|161|173|138|124|
4.192    137|169|180|179|181|175|143|115|63|25| 34|75|111|149|160|173|174|168|157|133|
4.212    130|182|201|190|178|146|142|110|79|29| 21|71|107|165|174|167|188|187|156|149|
4.231    149|173|204|199|188|192|152|121|86|25| 26|66|130|162|174|179|166|169|142|141|
4.251    147|192|169|176|196|194|179|115|87|21| 31|92|131|170|199|182|213|177|195|139|
4.270    165|176|201|200|219|203|146|139|75|26| 33|87|120|183|187|215|212|197|177|169|
4.290    158|187|206|224|222|209|168|132|99|31| 31|74|135|200|206|204|208|197|201|167|
4.309    190|185|231|244|216|211|188|158|89|30| 35|91|141|185|215|239|218|191|179|152|
4.329    202|214|198|234|231|201|186|138|97|33| 31|97|153|206|234|231|242|219|180|184|
4.348    159|214|222|263|211|220|204|148|100|41| 27|114|163|223|260|242|232|236|193|164|
4.368    182|182|258|268|253|250|199|166|102|26| 23|110|163|223|237|263|251|232|221|184|
4.388    208|211|257|273|243|252|201|168|94|46| 33|91|161|200|254|283|242|277|211|202|
4.407    219|241|252|260|272|244|224|162|107|37| 42|103|167|209|260|272|261|257|226|191|
4.427    215|243|246|280|293|243|199|187|128|25| 45|95|154|234|281|300|274|254|249|180|
4.446    237|257|307|282|295|275|228|202|102|39| 41|120|198|242|290|307|307|299|276|195|
4.466    229|279|278|315|289|288|245|181|125|27| 41|138|208|236|259|333|278|284|289|223|
4.485    270|267|296|314|347|298|246|209|141|37| 42|119|225|239|312|322|340|295|274|250|
4.505    231|319|285|340|351|282|265|213|137|38| 48|123|209|258|315|325|335|347|285|257|
4.524    281|277|299|361|345|339|275|225|135|58| 39|138|197|265|326|386|367|327|313|258|
4.544    270|286|351|356|354|313|306|223|194|42| 51|132|245|278|340|372|341|381|337|278|
4.563    326|331|363|353|375|341|322|240|154|44| 61|175|249|307|369|356|363|378|315|270|
4.583    295|309|370|436|388|332|310|264|140|47| 54|131|240|306|374|383|403|402|338|325|
4.602    316|345|372|425|408|380|321|276|174|53| 47|147|246|322|373|423|390|401|340|316|
4.622    309|365|405|431|429|375|346|271|160|67| 65|178|256|329|389|433|415|395|360|317|
4.642    352|394|420|446|406|390|357|297|167|54| 52|171|268|363|415|416|428|431|367|339|
4.661    355|405|417|490|459|424|359|288|168|64| 65|183|293|360|386|449|452|422|404|350|
4.681    357|397|467|489|488|406|356|280|195|56| 52|177|310|375|469|476|475|465|389|318|
4.700    341|416|496|491|457|443|382|320|191|76| 61|216|299|407|464|500|501|480|421|353|
4.720    389|435|513|519|536|449|433|315|207|60| 74|235|340|433|479|553|504|486|482|400|
4.739    427|427|471|522|547|481|434|341|209|65| 57|215|325|409|498|510|552|531|421|397|
4.759    424|478|555|541|522|528|437|359|233|73| 60|233|314|447|557|569|556|507|492|442|
4.778    467|530|576|584|548|533|464|367|211|64| 74|229|363|462|534|566|570|560|517|451|
4.798    430|549|578|613|602|539|487|413|255|96| 86|249|393|521|590|642|592|568|555|458|
4.817    512|579|601|604|643|548|500|377|241|83| 79|230|382|516|587|634|591|569|574|472|
4.837    478|558|632|652|669|624|508|415|236|86| 84|264|383|520|617|669|641|600|571|501|
4.857    524|605|657|675|667|651|550|421|274|90| 92|267|408|564|587|650|685|676|659|529|
4.876    536|623|686|702|683|670|557|405|278|84| 116|309|426|571|661|682|683|697|619|551|
4.896    617|631|689|734|786|674|588|455|333|103| 94|299|444|598|672|704|742|733|654|545|
4.915    570|677|727|767|834|740|616|486|310|96| 100|294|498|604|733|742|799|762|686|625|
4.935    598|713|737|837|816|792|681|521|316|112| 116|302|470|637|749|830|817|729|677|576|
4.954    637|699|758|841|813|804|629|487|307|93| 112|337|461|645|757|798|854|807|713|663|
4.974    670|713|851|850|858|771|682|518|379|116| 112|336|518|658|782|848|926|864|742|670|
4.993    672|782|864|933|936|791|709|544|342|113| 123|350|526|696|794|861|848|822|772|719|
5.013    733|811|857|926|901|816|777|615|396|135| 139|356|563|736|877|900|916|935|782|681|
5.032    753|832|960|983|984|934|790|568|360|115| 132|368|584|792|955|977|970|952|855|751|
5.052    789|845|1040|1004|1001|933|780|604|378|131| 127|379|619|779|925|999|988|910|864|793|
5.072    808|865|961|1049|1034|952|857|608|402|123| 134|419|622|871|975|1018|1087|950|997|809|
5.091    872|1030|1039|1109|1018|972|870|639|449|156| 125|412|722|836|1014|1138|1124|1041|948|764|
5.111    856|965|1115|1099|1133|1029|928|674|415|157| 167|437|709|916|1048|1141|1199|1122|1073|851|
5.130    888|997|1189|1136|1119|1080|928|754|444|148| 164|499|709|938|1099|1283|1163|1125|1090|887|
5.150    968|1028|1187|1274|1216|1125|1036|751|461|180| 153|484|767|961|1166|1230|1256|1120|1100|903|
5.169    1065|1115|1254|1315|1298|1131|964|748|499|169| 151|459|773|1009|1151|1287|1242|1313|1176|991|
5.189    1116|1190|1265|1336|1351|1257|1087|779|532|188| 178|482|842|989|1215|1381|1265|1208|1185|1043|
5.208    1098|1191|1313|1351|1311|1233|1137|842|540|198| 185|539|912|1101|1319|1358|1400|1322|1240|1065|
5.228    1151|1293|1439|1492|1394|1292|1154|917|607|175| 208|562|871|1144|1345|1471|1457|1426|1225|1153|
5.247    1140|1369|1456|1441|1533|1417|1211|973|626|212| 206|590|926|1264|1449|1541|1508|1425|1253|1158|
5.267    1164|1419|1510|1674|1570|1496|1284|947|560|224| 232|609|980|1228|1460|1562|1560|1483|1430|1239|
5.287    1323|1468|1448|1616|1628|1435|1290|1014|650|195| 213|657|1013|1275|1537|1593|1577|1627|1423|1269|
5.306    1292|1544|1594|1698|1671|1502|1340|1043|660|219| 219|639|1036|1332|1553|1610|1639|1615|1516|1314|
5.326    1352|1609|1647|1741|1747|1646|1404|1092|632|247| 234|678|1060|1377|1647|1705|1763|1685|1540|1407|
5.345    1419|1644|1733|1814|1744|1723|1386|1068|651|237| 208|774|1088|1438|1607|1889|1847|1755|1621|1502|
5.365    1418|1691|1948|1906|1908|1749|1513|1221|720|249| 260|703|1169|1544|1715|1886|1914|1814|1664|1566|
5.384    1596|1840|1874|2013|1926|1832|1566|1240|744|296| 273|747|1152|1611|1805|1961|2006|1954|1712|1575|
5.404    1654|1819|1974|2052|2044|1927|1620|1245|821|280| 273|737|1222|1659|1921|2036|1955|2080|1827|1614|
5.423    1724|1886|2112|2173|2099|1975|1679|1393|861|303| 272|821|1352|1718|1892|2121|2091|2072|1923|1686|
5.443    1754|1986|2119|2168|2172|2049|1752|1403|826|340| 298|840|1315|1785|1978|2188|2218|2123|1992|1808|
5.462    1843|2010|2210|2355|2290|2138|1883|1348|874|307| 325|873|1378|1816|2020|2389|2312|2208|2030|1841|
5.482    1886|2142|2255|2376|2334|2228|1934|1448|882|327| 315|848|1506|1884|2178|2437|2456|2307|2194|1937|
5.501    2002|2232|2329|2501|2434|2323|1928|1499|999|333| 357|946|1506|2002|2287|2448|2423|2421|2256|2001|
5.521    2139|2301|2542|2704|2534|2376|1981|1592|987|338| 356|1006|1631|2110|2361|2646|2625|2552|2298|2155|
5.541    2199|2403|2698|2799|2711|2499|2242|1693|1084|335| 361|1046|1589|2136|2548|2655|2641|2570|2408|2191|
5.560    2230|2551|2728|2839|2802|2567|2200|1743|1190|390| 355|1062|1800|2202|2544|2840|2788|2745|2421|2288|
5.580    2348|2672|2878|2976|2909|2703|2348|1771|1150|386| 415|1090|1754|2309|2627|2912|2900|2927|2596|2335|
5.599    2430|2820|3028|3008|3020|2785|2410|1829|1153|404| 382|1183|1833|2369|2784|3018|3082|2988|2748|2425|
5.619    2479|2872|3083|3175|3107|2946|2518|1958|1232|447| 388|1204|1934|2505|2816|3057|3228|3141|2823|2577|
5.638    2683|2918|3285|3231|3217|3075|2569|2091|1279|414| 432|1282|2030|2690|3063|3272|3270|3156|2963|2573|
5.658    2834|3058|3371|3355|3407|3117|2651|2015|1330|469| 453|1303|2050|2709|3151|3456|3432|3329|2939|2714|
5.677    2878|3166|3458|3421|3620|3252|2901|2044|1397|470| 475|1395|2080|2812|3336|3446|3466|3428|3172|2794|
5.697    3124|3356|3668|3718|3540|3496|2979|2217|1446|526| 460|1404|2343|2985|3379|3702|3796|3621|3390|3007|
5.716    3142|3509|3896|3766|3764|3538|3133|2306|1493|489| 508|1489|2278|3057|3523|3891|3793|3686|3507|3115|
5.736    3243|3529|3911|4034|3953|3613|3145|2452|1486|531| 519|1558|2474|3233|3657|3919|4001|3832|3626|3279|
5.756    3468|3866|4108|4186|4197|3840|3403|2582|1662|550| 572|1618|2567|3165|3923|4143|4247|4031|3818|3308|
5.775    3521|3844|4207|4429|4317|3907|3384|2620|1706|585| 605|1585|2652|3463|3981|4356|4298|4287|4039|3491|
5.795    3595|4006|4287|4568|4524|4165|3543|2685|1715|603| 632|1722|2694|3481|4102|4517|4503|4447|4098|3632|
5.814    3882|4250|4598|4813|4606|4376|3675|2901|1791|581| 560|1847|2777|3792|4371|4596|4715|4691|4381|3864|
5.834    3976|4531|4836|4990|4798|4434|3846|3015|1869|618| 693|1847|2876|3876|4468|4713|4898|4784|4335|4004|
5.853    4066|4686|5074|5158|4872|4575|4038|3128|1893|603| 646|1920|3123|4009|4683|5110|5121|4923|4541|4246|
5.873    4253|4748|5317|5329|5305|4750|4149|3124|2020|675| 654|1992|3236|4102|4832|5247|5312|5195|4753|4379|
5.892    4442|4937|5397|5461|5428|5229|4378|3349|2181|720| 742|2017|3361|4405|5036|5322|5528|5460|5178|4487|
5.912    4748|5374|5666|5867|5807|5062|4508|3399|2130|737| 749|2155|3475|4545|5344|5790|5688|5568|5153|4548|
5.931    4853|5330|5903|5927|5920|5483|4538|3606|2403|762| 747|2295|3657|4734|5443|5998|6117|5764|5445|4755|
5.951    5127|5625|6142|6229|6233|5605|4861|3762|2405|800| 796|2420|3798|4813|5745|6268|6261|6063|5593|4985|
5.971    5395|5990|6214|6594|6429|5850|5112|3903|2513|837| 914|2521|4066|5148|5930|6313|6364|6355|5862|5230|
5.990    5440|6183|6423|6824|6635|6095|5314|3960|2652|899| 901|2594|4141|5326|6059|6637|6861|6680|6115|5488|
6.010    5771|6277|6734|7027|6844|6410|5431|4138|2594|923| 936|2631|4238|5476|6454|6905|7106|6793|6377|5552|
6.029    5870|6625|7077|7311|7370|6827|5637|4414|2759|886| 981|2825|4422|5653|6727|7330|7170|7040|6588|5783|
6.049    6239|6717|7406|7418|7560|6986|5944|4421|2935|993| 988|2887|4634|5929|6956|7532|7701|7655|6843|6106|
6.068    6374|7096|7806|7855|7795|7131|6297|4817|3048|1097| 1022|2996|4685|6097|7080|7728|7969|7630|7223|6555|
6.088    6629|7497|8144|8192|8141|7483|6382|5056|3130|1095| 1021|3001|4972|6473|7335|8104|8304|8029|7529|6636|
6.107    6904|7627|8337|8529|8423|7856|6904|5180|3188|1093| 1104|3189|5131|6630|7805|8060|8438|8358|7766|6993|
6.127    7228|8203|8760|8874|8743|7977|6838|5335|3404|1180| 1078|3433|5466|6831|8115|8871|8988|8706|8042|7237|
6.146    7510|8400|9111|9258|9120|8468|7144|5543|3479|1201| 1179|3552|5587|7266|8360|9074|9256|8967|8340|7713|
6.166    7892|8799|9544|9740|9366|8733|7555|5788|3664|1257| 1214|3593|5771|7441|8833|9594|9705|9352|8845|8095|
6.186    8202|8887|9695|10064|9938|9122|7796|5894|3680|1286| 1255|3754|6140|7891|9152|9768|10086|9881|9144|8248|
6.205    8442|9420|10187|10454|10382|9387|8185|6200|3942|1363| 1332|3990|6187|8071|9612|10260|10424|10426|9450|8527|
6.225    8828|9808|10540|11058|10797|9854|8333|6516|4156|1395| 1401|4001|6422|8222|9600|10623|11128|10725|9738|9034|
6.244    9411|10241|11111|11296|11151|10278|8671|6617|4224|1445| 1429|4176|6726|8751|10180|11222|11392|11210|10346|9343|

6.264    9752|10857|11493|11774|11731|10505|9160|7005|4351|1513| 1568|4474|6912|9237|10648|11597|12000|11360|10699|9672|

6.283    9962|11297|12100|12165|11924|11053|9481|7251|4600|1590| 1551|4583|7304|9408|11144|12120|12463|11929|11198|10184
|
6.303    10356|11607|12348|12766|12386|11492|9963|7534|4912|1621| 1662|4834|7570|9944|11557|12514|12801|12595|11481|1062
0|
6.322    10872|12084|12947|13165|13056|12012|10246|7789|4899|1729| 1704|4887|7789|10318|11928|12865|13180|12978|12004|10
989|
6.342    11385|12703|13376|13688|13383|12451|10479|8159|5136|1779| 1740|5216|8126|10644|12403|13504|13997|13417|12416|11
464|
6.361    11755|13067|13739|14384|13954|12898|10975|8527|5407|1833| 1842|5378|8501|11134|13079|14097|14428|13951|12972|11
780|
6.381    12218|13595|14397|14964|14685|13209|11499|8911|5493|1944| 1957|5719|8903|11414|13481|14601|15149|14673|13889|12
398|
6.400    12790|14447|15187|15655|15222|13987|12179|9145|5844|2069| 1959|5913|9270|12035|13983|15317|15423|15107|14255|12
892|
6.420    13329|14822|15868|16017|16068|14700|12488|9526|5958|2055| 2046|6141|9535|12356|14707|15902|16094|15834|14765|13
210|
6.440    13993|15469|16471|16944|16669|15032|12984|9993|6129|2077| 2102|6376|9867|13104|15128|16445|17044|16664|15331|13
968|
6.459    14681|16093|17225|17829|17147|15835|13656|10325|6487|2285| 2254|6526|10319|13442|15468|17212|17586|17071|16142|
14405|
6.479    14995|16523|17881|18328|17612|16075|13835|10930|6840|2343| 2213|6856|10648|14057|16287|17677|18297|17949|16553|
14837|
6.498    15565|17325|18496|18918|18741|17105|14641|11285|7047|2431| 2380|6982|11307|14776|17078|18401|18939|18488|17249|
15789|
6.518    16406|18162|19201|19723|19391|17856|15460|11762|7376|2487| 2497|7408|11486|15134|17872|19364|19719|19562|18046|
16512|
6.537    17085|18768|19744|20404|19802|18642|15797|12273|7627|2581| 2558|7547|12076|16101|18416|20204|20524|19955|18836|
17177|
6.557    17503|19647|21034|21400|21169|19199|16512|12775|7928|2706| 2647|8050|12723|16303|19279|20938|21262|21087|19559|
17697|
6.576    18605|20716|21578|22048|21791|20126|17038|13200|8323|2817| 2827|8564|13110|16987|20338|21714|22245|21636|20108|
18631|
6.596    19356|21045|22790|23094|22640|20722|17785|13758|8655|2971| 2967|8544|13728|17755|20795|22675|23024|22687|21226|
19125|
6.615    20164|22263|23417|24225|23530|21765|18432|14240|8888|3017| 3093|8936|14254|18425|21473|23465|23956|23565|21812|
19955|
6.635    20964|22909|24345|24967|24337|22706|18957|14759|9228|3182| 3196|9303|14801|19176|22722|24416|24911|24513|22969|
20933|
6.655    21484|24197|25303|25842|25295|23415|19990|15238|9651|3373| 3229|9711|15335|20064|23218|25473|26105|25430|24104|
21764|
6.674    22541|24954|26451|26989|26355|24595|20884|15870|9993|3422| 3423|9929|15829|21095|24483|26318|26777|26526|25100|
22787|
6.694    23448|25781|27821|28249|27513|25130|21663|16808|10200|3466| 3406|10341|16671|21657|25481|27685|28030|27465|2574
8|23618|
6.713    24610|27044|28765|29246|28658|26153|22530|17174|10761|3766| 3703|10868|17472|22471|26668|28731|29364|28982|2707
6|24433|
6.733    25505|28144|29438|30521|30196|27559|23141|17967|11359|3844| 3801|11276|18102|23309|27508|29981|30539|30169|2788
1|25469|
6.752    26443|29357|30813|31943|31282|28577|24393|18782|11837|3937| 4006|11731|18694|24430|29030|30987|32051|30969|2912
4|26720|
6.772    27499|30573|32644|33045|32226|29651|25346|19291|12346|4295| 4181|12261|19448|25334|29664|32076|33011|32344|3037
5|27798|
6.791    28549|31883|33873|34703|33225|30726|26374|20201|12689|4312| 4331|12847|20319|26414|31107|33578|34382|34172|3191
3|29175|
6.811    29834|33189|35405|35749|34902|32175|27353|20849|13413|4481| 4481|13216|21036|27388|31925|34789|35924|35037|3291
6|29833|
6.830    31034|34621|36679|37275|35984|33482|28537|21512|13720|4621| 4671|13556|21905|28412|33109|36196|37393|36198|3465
4|30786|
6.850    32560|35872|38401|38857|37806|34897|29997|22830|14540|4881| 4803|14199|22718|29777|34686|37821|38861|37691|3574
6|32427|
6.870    33856|37593|39816|40304|39612|35995|30766|23659|15052|5032| 4942|14926|23622|30871|35979|39500|40443|39675|3744
7|33784|
6.889    34979|39020|41167|42283|40826|37529|32093|24711|15482|5239| 5363|15330|24589|31938|37334|41188|41890|41222|3867
6|35041|
6.909    37196|40271|42631|43577|42379|39356|33400|25532|16048|5349| 5423|16023|25495|33419|39319|42381|43577|43140|4013
1|36587|
6.928    38075|41899|44645|45406|44379|40693|34467|26819|16706|5730| 5868|16556|26530|34915|40666|44254|45631|44758|4193
8|38028|
6.948    39766|43432|46746|47693|46160|41949|35885|28013|17047|5925| 5911|17335|27463|35954|41911|46119|47412|46398|4414
2|39819|
6.967    41243|45112|48425|49147|47841|43827|37572|28693|18015|6180| 6030|17902|28705|37108|43945|47906|48897|48412|4538
0|41651|
6.987    42484|47207|50142|51111|49529|46022|38993|30104|18768|6372| 6502|18780|29847|39082|45973|50056|51537|50399|4747
2|43086|
7.006    45137|49284|52414|53279|51938|47598|40448|30952|19352|6614| 6588|19618|30957|40502|47807|51865|53282|51986|4950
9|44621|
7.026    47109|51593|54970|55317|53425|49291|42059|32098|20242|6952| 7088|20474|32540|42430|49693|54093|55497|54228|5166
5|46528|
7.045    48474|53215|56825|58128|56407|51585|43813|33769|21257|7172| 7191|20809|33600|43977|51293|56071|57654|57004|5343
0|48620|
7.065    50462|55941|59551|60044|58386|53697|45104|34939|21850|7562| 7441|22033|35128|45744|53689|58785|59946|58960|5575
0|50583|
7.085    52893|58273|61363|62514|60752|55710|47034|36341|22886|7821| 7956|23006|36621|47345|55472|60826|62606|61254|5736
2|52946|
7.104    54922|60721|64106|64996|63007|57449|49577|37573|23605|8110| 8025|23497|38002|49767|58137|63332|65417|63962|6039
6|55045|
7.124    57133|62820|66653|67425|65720|60416|51618|39245|24321|8386| 8422|24973|39350|51343|60035|65967|67782|66398|6275
6|57450|
7.143    59590|65707|70006|70333|68435|62820|53476|40919|25867|8763| 8678|26014|40962|53013|63071|68162|69730|69401|6496
0|59687|
7.163    62025|67653|72234|73157|71125|65309|55584|42468|27180|8984| 9081|26727|42695|55861|65460|71226|73021|71677|6842
2|61694|
7.182    64559|70537|74751|76281|73750|68216|58120|44050|27784|9557| 9430|28077|44225|58103|67878|74095|76364|74966|7065
6|64232|
7.202    66805|73507|77796|79212|77037|70104|60837|46213|28909|9801| 9922|28994|45984|59943|70787|77206|79268|77908|7328
3|66896|
7.221    69331|76971|81398|82321|79845|73144|62555|48002|29805|10214| 10096|29678|48028|62504|73451|79850|82719|81146|77
147|69752|
7.241    72879|79877|84122|85782|83380|76008|64763|49829|31157|10526| 10930|31328|50054|65291|76666|83041|85851|84406|80
054|72750|
7.260    75681|83152|87764|89776|86205|79517|67436|51564|32474|11017| 11080|32299|52062|67824|79206|86547|89558|88352|83
029|75352|
7.280    79155|86371|91488|92996|90114|82432|70171|54104|34115|11412| 11572|33600|53799|70112|82804|89936|93046|91813|86
997|78676|
7.299    81456|90384|95773|97071|93709|85798|73268|56263|34999|11855| 12125|35334|55534|73895|85992|93554|96885|95525|90
341|82634|
7.319    85342|93361|99712|101019|97976|89407|76463|58008|36551|12318| 12585|36412|58317|76337|89869|97180|100875|98736|
93747|85376|
7.339    88817|96958|102782|104292|101745|93174|79068|60389|37794|13102| 13104|37861|60746|79559|92926|101539|104501|103
816|97635|89139|
7.358    92192|101770|107553|108603|106094|96786|82546|63434|39233|13569| 13370|39282|63310|82011|96534|105827|108906|10
7828|101599|92813|
7.378    97131|105336|111990|113704|109252|100712|85836|65689|41028|14131| 13934|41313|65411|85372|100702|109461|113486|
111229|105580|96709|
7.397    100217|110203|116288|117677|114138|104785|89014|68182|42740|14803| 14673|42869|68184|89140|104503|114440|118189
|116614|109918|100924|
7.417    104291|115025|121270|123245|119561|108779|93503|70494|44561|15211| 15442|44416|71480|93142|108751|118880|122689
|120696|114708|104254|
7.436    108806|119554|125999|127692|123697|113250|96750|73605|46158|15985| 15725|46179|74446|96047|113266|123783|127208
|126289|119425|108219|
7.456    113291|124451|131201|133257|128758|117774|99991|76030|48014|16394| 16333|48349|76133|100489|116996|128632|13298
7|130668|124002|112826|
7.475    117922|129554|137112|138511|133619|123033|104512|79277|49904|17389| 17183|50108|79763|104762|121990|134074|1388
25|136395|129838|118103|
7.495    122989|134498|142106|144010|139672|126698|108447|83439|51988|17596| 17778|51586|82832|109082|127550|139386|1444
27|141974|134208|122889|
7.514    127821|140323|148016|149912|145493|133306|113191|86457|53981|18411| 18608|53774|86450|113268|133199|145117|1493
64|148124|139950|127365|
7.534    132537|144969|153913|156143|150677|137838|117851|90105|56064|19103| 19342|56327|89306|117384|138996|151284|1554
93|154473|145123|132966|
7.554    138782|151590|160183|162597|157526|144060|123085|93427|58621|19986| 20157|58681|93524|122402|143430|157566|1617
49|160273|152338|138557|
7.573    144392|157682|166988|168516|163467|149495|127313|96565|61149|20952| 20815|61062|97133|127374|149259|162930|1690
44|167019|157857|144358|
7.593    150814|164848|172692|175338|169661|155370|132110|101187|62883|21820| 21501|63454|101205|132136|154571|169184|17
5963|173730|164652|150286|
7.612    156863|171378|179709|183098|176682|161380|137150|105126|66056|22658| 22351|65818|104238|136723|161367|177154|18
3214|180019|170696|156460|
7.632    163354|177806|188028|190323|184229|168183|143356|109367|68306|23246| 23387|68577|108730|142921|167949|184454|19
0176|187784|178293|163150|
7.651    169376|185507|195611|198172|190897|174825|148775|113911|71414|24219| 24151|71367|113509|148691|175494|191335|19
8378|195386|185678|169538|
7.671    176085|192962|203767|205708|199418|182397|154386|118212|74163|25671| 25242|73698|118265|154637|182445|199664|20
5401|202925|192494|176638|
7.690    184238|201519|211181|213728|207119|189482|160528|122817|76789|26002| 26322|77060|122256|160610|188988|206707|21
5235|212138|200731|183339|
7.710    191753|208890|220465|222416|215036|197026|167034|127758|80061|27187| 27478|79888|127692|167593|197081|215049|22
2641|219602|208947|191232|
7.729    199966|217287|229223|232394|224528|204550|173907|133198|83576|28532| 28391|83463|132973|174561|204463|224069|23
1773|229427|217585|199600|
7.749    208084|225649|237869|241643|233175|213196|181719|138082|86978|29532| 29632|86687|138013|180695|212807|234030|24
1014|238610|226804|207222|
7.769    215380|236133|247389|251533|242859|221115|188514|143431|90132|30765| 30814|90128|143791|188801|221302|242342|25
1700|248459|236043|216115|
7.788    225644|245185|258757|261165|252117|230324|195558|149017|93618|32049| 31790|93847|149451|195597|230792|252413|26
2685|259776|245640|224474|
7.808    234693|255405|269291|271971|262364|240385|203976|156066|97912|33401| 33283|98047|155062|204409|239839|262546|27
2007|268997|255462|234647|